LTetris0,-90,-70,1.57,0,1,0
TTetris0,-75,-50,0.89,1,0,0
ZTetris0,65,-65,1.89,1,1,0
ITetris0,25,-65,2.89,1,0,0
LTetris1,95,75,2.57,2,1,0
TTetris1,65,50,0,0,0,0
ZTetris1,-85,75,3.89,1,0,0
ITetris1,-70,50,2.89,1,6,1
LTetris2,-28,-70,4.57,1,1,1
TTetris2,-95,-20,3.89,1,0,0
ZTetris2,85,-35,1.89,1,1,0
ITetris2,85,-10,1.57,1,0,0
LTetris3,88,20,2.57,2,1,1
TTetris3,0,-68,4.89,1,3,1
ZTetris3,-90,10,3.89,1,3,3
ITetris3,-75,25,2.89,1,2,1
LTetris4,5,70,2.57,2,2,1
TTetris4,35,75,1.57,1,0,0
ZTetris4,-30,62,3.89,1,1,1
ITetris4,-75,-25,1.89,1,2,1
